3012 true 200 1.37 2 2020 12 01
7118 false 400 3.42 4 2020 12 01
9534 false 100 0.58 1 2020 12 01
1254 true 200 4.2 4 2020 12 01
7542 false 400 6.32 4 2020 12 01
3651 false 200 2.32 3 2020 12 01
7834 false 100 1.23 1 2020 12 01
6582 true 200 2.33 2 2020 12 01
9999 false 400 6.43 3 2020 12 01
3254 false 100 1.02 4 2020 12 01
7325 true 200 2.33 3 2020 12 01
9534 true 400 2.32 1 2020 12 06
7542 true 200 1.23 4 2020 12 06
4242 true 100 0.22 4 2020 12 06
4714 true 200 2.33 2 2020 12 07
7542 false 400 6.42 4 2020 12 01
7834 false 100 1.29 1 2020 12 01
4242 true 100 0.25 4 2020 12 06
7118 false 400 3.23 1 2020 12 01
3651 false 200 1.3 3 2020 12 01
4714 true 100 1.28 2 2020 12 07
7325 true 200 2.29 3 2020 12 01
9534 true 400 2.10 1 2020 12 06
7542 true 200 1.55 4 2020 12 06
4242 true 100 0.26 4 2020 12 06
4714 true 200 2.50 2 2020 12 07
3012 true 200 1.37 2 2020 12 01
7118 false 400 3.42 2 2020 12 01
9534 false 100 0.58 4 2020 12 01
1254 true 200 4.2 1 2020 12 01
7542 false 400 6.32 2 2020 12 01
3651 false 200 2.32 2 2020 12 01
7834 false 100 1.23 2 2020 12 01
6582 true 200 2.33 1 2020 12 01
9999 false 400 6.43 4 2020 12 01
3254 false 100 1.02 2 2020 12 01
7325 true 200 2.33 1 2020 12 01
9534 true 400 2.32 4 2020 12 06
7542 true 200 1.23 2 2020 12 06
4242 true 100 0.22 3 2020 12 06
4714 true 200 2.33 1 2020 12 07
7542 false 400 6.42 1 2020 12 01
7834 false 100 1.29 4 2020 12 01
4242 true 100 0.25 2 2020 12 06
7118 false 400 3.23 1 2020 12 01
3651 false 200 1.3 2 2020 12 01
